1a
# |4 N |4 4|4
1b
N 4| 4|4
1c
| 4| 8|\ |8 8|\ |8
1d
4|
1e
| 4| 8|\ |8 8|\ |8 |
1f
8|\ |8 8|\ |8
1g
| 4| 8|\ |8 8|\ |8 | 4|
1h
# |8 # # 8| |8 # 8|
1i
8|\ |8 | 4|
1j
# |8 # # 8| |8 # 8| | |8 # 8| |8 N 8| b |8 b 8|
2
| 4Z # # |8| # 8| 8| 8| | 4Z N # |8| 8| 8| # 4|
3a
| G 44 4| 8| 8| 2| | 4| 8| 8| 4| 4| | 4| 8| 8| 4| 4| |
3b
| F 44 4| 8| 8| 2| | |4| |8 |8 |4 |4 | 4| 8| 8| |4 |4 |
3c
| G 4| 4| 2| | 4| 8| 8| 2| | 4| 8| 8| 4| 4| | 4| |8| |8|
3d
| F 4| 4| 2| | 4| 8| 8| 2| | |4| |8 |8 |4 |4 | |4 |8 |8
3e
| G 4| 4| | 4| 4| 2| | 4| 8| 8| 4| 4| | |8 |8 8| 8| 4| 4| |
3f
| F |4 |4 | |4 |4 |2 | |4 |8 |8 |4 |4 | |4 |8 |8 |4 |4 |
3g
| G 4| |4| 4| # 4| | 2| . 4| | 4| 4| 4| 4| | 1 ||
3h
| F |4 |4 |4| |8 |4 | |2 . 4 | |4| . |4 8| |4 |4| | 1 ||
4
| G 34 |4 |4 . |8\ | 4||4 4||4 . 8||8 | 4| 4| 4| | 2||2 .
